162000
162000
162000
162000
162000
162000
303200
303200
303200
307700
308000
318700
275100
275100
275100
275100
275100
275100
324100
324100
324100
324500
314500
327100
275100
275100
275100
275100
275100
275100
275100
275100
275100
275100
275100
275100
216200
216200
216200
213400
214400
214400
275100
275100
275100
275100
275100
275100
195200
195200
195200
196600
208000
204500
103800
103800
103800
99780
93540
90300
96030
96030
96030
95620
91960
88550
216100
216100
216100
216100
216100
216100
216100
216100
237100
237100
237100
230000
222400
226000
226000
226000
197900
197900
197900
197900
197900
197900
228900
228900
228900
227000
225800
215000
287600
287600
287600
287600
287600
287600
287600
287600
287600
287600
287600
287600
287600
287600
287600
287600
287600
287600
287600
287600
287600
287600
287600
287600
287600
287600
287600
287600
287600
287600
287600
287600
287600
287600
287600
287600
287600
287600
287600
287600
287600
287600
287600
287600
287600
287600
287600
287600
287600
287600
287600
287600
287600
287600
287600
287600
287600
287600
287600
287600
287600
287600
287600
287600
287600
287600
287600
287600
287600
287600
148900
148900
148900
148900
148900
148900
148900
148900
148900