8468000000000
4019000000000
2771000000000
2702000000000
2247000000000
1719000000000
1842000000000000000000
49300000000000000000
84310000000000000000
142900000000000000000
44460000000000000000
200100000000000000000
33290000000000000000
890800000000000000
1524000000000000000
1272000000000000000
375500000000000000
311400000000000000
50170000000000000000000
1342000000000000000000
2296000000000000000000
2047000000000000000000
208900000000000000000
752400000000000000000
33290000000000000000
890800000000000000
152400000000000000
1272000000000000000
634500000000000000
311400000000000000
70156345884000000000
75753588348000000000
75753588348000000000
35067572104000000000
26650506732000000000
286222626000000000000
2145609611200000
2779539723600000
3243856428000000
1098670850320000
549759458680000
3279899277200000
105223917988000000000
106071985028000000000
98481785020000000000
42085326860000000000
29321917908000000000
286222626000000000000
155471890108000
167917273920000
167917273920000
97146079432000
222617598000000
688842453240000
329762242720
458070468289
329762242720
231358926418
648815294960
14590766879
96160448107
133561790710
96160448107
120084375520
50575667496
11078960642
5302000000000000
2517000000000000
1735000000000000
1692000000000000
1407000000000000
538300000000000
2691000000000000
1346000000000000
36570000000000000
17360000000000000
11970000000000000
3828000000000000
952900000000000
1281000000000000
640600000000000
160200000000000
1503000000000000
713300000000000
409800000000000
239800000000000
997000000000000
15260000000000
80000000000000000
37970000000000000
26180000000000000
19130000000000000
19600000000000000
5454000000000000
626297509040000000000
556543995000000000000
751387397440000000000
751387397440000000000
1174572850400000000000
250391793560000000000
300639765680000000000
556543995000000000000
528769799440000000000
640078598440000000000
250391793560000000000
217105162240000000000
378449916600000000000
322901525480000000000
211529121452000000000
207818828152000000000
200398241552000000000
185535866676000000000
56354054808000000000
38968680488000000000
41746100044000000000
66806481076000000000
33392639700000000000
92778534176000000000
11133000067600000000
11133000067600000000
626297509040000000000
556543995000000000000
500995603880000000000
500995603880000000000
1174572850400000000000
166984400176000000000
200398241552000000000
111330000676000000000
105753959888000000000
12803692136
250391793560000000000
217105162240000000000
252299944400000000000
215197011400000000000
211529121452000000000
83131771596000000000
53428223520000000000
49484711784000000000
112729311292000000000
77937360976000000000
55654399500000000000
37102933000000000000
18553586667600000000
6184528889200000000
7422706767600000000
7422706767600000000
745874961680000000000
634566162680000000000
445235196000000000000
745874961680000000000
745874961680000000000
445235196000000000000
706863877840000000000
706863877840000000000
38968680488000000000
745874961680000000000
745874961680000000000
445235196000000000000
745874961680000000000
745874961680000000000
445235196000000000000
706863877840000000000
706863877840000000000
389686804880000000000
88050560
88050560
88050560
81266024
70431968
58686239
58686239
48912267
83852629